              precision    recall  f1-score   support

       avión     0.8420    0.7890    0.8147      1000
        auto     0.9276    0.8970    0.9120      1000
      pájaro     0.7788    0.6620    0.7157      1000
        gato     0.7565    0.5560    0.6409      1000
      ciervo     0.7475    0.8080    0.7765      1000
       perro     0.7189    0.7750    0.7459      1000
        rana     0.7172    0.9230    0.8072      1000
     caballo     0.8841    0.8160    0.8487      1000
       barco     0.8625    0.9350    0.8973      1000
      camión     0.8658    0.9160    0.8902      1000

    accuracy                         0.8077     10000
   macro avg     0.8101    0.8077    0.8049     10000
weighted avg     0.8101    0.8077    0.8049     10000
