              precision    recall  f1-score   support

       avión     0.0000    0.0000    0.0000      1000
        auto     0.0000    0.0000    0.0000      1000
      pájaro     0.0000    0.0000    0.0000      1000
        gato     0.0000    0.0000    0.0000      1000
      ciervo     0.0000    0.0000    0.0000      1000
       perro     0.1001    1.0000    0.1820      1000
        rana     0.0000    0.0000    0.0000      1000
     caballo     0.0000    0.0000    0.0000      1000
       barco     0.0909    0.0010    0.0020      1000
      camión     0.0000    0.0000    0.0000      1000

    accuracy                         0.1001     10000
   macro avg     0.0191    0.1001    0.0184     10000
weighted avg     0.0191    0.1001    0.0184     10000
