# combinacion: loss=mse, opt=adam
test_accuracy: 0.8606
test_loss: 0.0202

classification_report:
              precision    recall  f1-score   support

           0     0.8379    0.7960    0.8164      1000
           1     0.9845    0.9550    0.9695      1000
           2     0.7700    0.7600    0.7650      1000
           3     0.8446    0.8860    0.8648      1000
           4     0.7608    0.7760    0.7683      1000
           5     0.9636    0.9270    0.9450      1000
           6     0.6531    0.6740    0.6634      1000
           7     0.9429    0.9090    0.9257      1000
           8     0.9636    0.9540    0.9588      1000
           9     0.9006    0.9690    0.9335      1000

    accuracy                         0.8606     10000
   macro avg     0.8622    0.8606    0.8610     10000
weighted avg     0.8622    0.8606    0.8610     10000

confusion_matrix:
[[796   2  21  47   6   0 114   0  13   1]
 [  5 955   1  26   7   0   5   0   1   0]
 [ 11   2 760  10 107   0 107   0   3   0]
 [ 23   9  11 886  40   0  29   0   2   0]
 [  0   0 105  31 776   0  85   0   3   0]
 [  0   0   0   2   0 927   0  25   3  43]
 [113   1  85  41  75   0 674   0  11   0]
 [  0   0   0   0   0  28   0 909   0  63]
 [  2   1   4   6   9   3  17   4 954   0]
 [  0   0   0   0   0   4   1  26   0 969]]