# combinacion: loss=mse, opt=sgd
test_accuracy: 0.6563
test_loss: 0.0509

classification_report:
              precision    recall  f1-score   support

           0     0.6199    0.8170    0.7049      1000
           1     0.9278    0.9000    0.9137      1000
           2     0.6618    0.4560    0.5400      1000
           3     0.7175    0.8330    0.7709      1000
           4     0.4754    0.7540    0.5831      1000
           5     0.8333    0.0050    0.0099      1000
           6     0.5745    0.0540    0.0987      1000
           7     0.6231    0.8580    0.7219      1000
           8     0.7422    0.9270    0.8244      1000
           9     0.6187    0.9590    0.7522      1000

    accuracy                         0.6563     10000
   macro avg     0.6794    0.6563    0.5920     10000
weighted avg     0.6794    0.6563    0.5920     10000

confusion_matrix:
[[817  12  30  96   4   0   0   2  38   1]
 [ 31 900   9  44  11   0   1   0   4   0]
 [ 48   6 456  10 398   0  17   0  65   0]
 [ 94  31  16 833  14   0   2   0   9   1]
 [ 27  13  50 104 754   0  19   0  33   0]
 [  1   1   1   2   0   5   1 456  85 448]
 [288   5 106  57 403   0  54   3  84   0]
 [  0   0   0   0   0   1   0 858   2 139]
 [ 12   2  21  13   2   0   0  21 927   2]
 [  0   0   0   2   0   0   0  37   2 959]]